1.999999899999999886e-05 1.046479300000000001e-01
2.059999899999999989e-05 9.690845600000000393e-02
2.121799899999999973e-05 8.974136900000000139e-02
2.185453799999999950e-05 8.310434499999999614e-02
2.251017499999999832e-05 7.695816799999999347e-02
2.318547899999999940e-05 7.126656100000000604e-02
2.388104400000000093e-05 6.599587599999999499e-02
2.459747500000000119e-05 6.111500100000000213e-02
2.533539899999999863e-05 5.659510000000000235e-02
2.609546100000000111e-05 5.240948100000000082e-02
2.687832500000000155e-05 4.853341600000000283e-02
2.768467400000000164e-05 4.494402299999999961e-02
2.851521399999999929e-05 4.162008300000000216e-02
2.937067000000000115e-05 3.854197799999999757e-02
3.025179099999999931e-05 3.569151400000000057e-02
3.115934300000000265e-05 3.305187099999999656e-02
3.209412500000000335e-05 3.060743999999999965e-02
3.305694700000000048e-05 2.834379899999999938e-02
3.404865700000000051e-05 2.624756699999999943e-02
3.507011599999999862e-05 2.430636900000000128e-02
3.612221900000000321e-05 2.250873700000000088e-02
3.720588399999999853e-05 2.084405400000000075e-02
3.832206199999999962e-05 1.930248199999999928e-02
3.947172299999999979e-05 1.787492300000000089e-02
4.065587400000000037e-05 1.655294300000000052e-02
4.187555199999999802e-05 1.532873099999999995e-02
4.313181800000000189e-05 1.419506000000000066e-02
4.442576800000000328e-05 1.314523499999999991e-02
4.575854200000000063e-05 1.217304900000000002e-02
4.713129899999999776e-05 1.127276299999999988e-02
4.854524000000000008e-05 1.043905799999999932e-02
5.000159100000000121e-05 9.667016699999999435e-03
5.150164499999999808e-05 8.952067799999999589e-03
5.304669199999999962e-05 8.289997800000000611e-03
5.463809399999999811e-05 7.676891899999999797e-03
5.627723600000000234e-05 7.109129999999999963e-03
5.796555400000000030e-05 6.583357700000000423e-03
5.970451699999999715e-05 6.096471299999999677e-03
6.149565500000000508e-05 5.645592100000000092e-03
6.334052399999999332e-05 5.228059600000000383e-03
6.524073899999999356e-05 4.841406599999999692e-03
6.719795999999999994e-05 4.483349499999999925e-03
6.921389900000000212e-05 4.151773099999999696e-03
7.129031500000000525e-05 3.844719400000000051e-03
7.342902499999999955e-05 3.560374299999999933e-03
7.563189300000000429e-05 3.297058900000000153e-03
7.790085099999999741e-05 3.053217300000000099e-03
8.023787300000000588e-05 2.827409899999999785e-03
8.264501400000000405e-05 2.618301999999999869e-03
8.512435700000000347e-05 2.424659999999999923e-03
8.767809600000000582e-05 2.245338099999999969e-03
9.030843499999999995e-05 2.079279199999999918e-03
9.301769000000000150e-05 1.925501299999999921e-03
9.580820799999999714e-05 1.783096999999999981e-03
9.868245800000000100e-05 1.651223799999999896e-03
1.016429399999999982e-04 1.529103499999999926e-03
1.046922199999999949e-04 1.416015500000000022e-03
1.078329899999999950e-04 1.311290600000000100e-03
1.110679799999999997e-04 1.214311200000000104e-03
1.144000100000000031e-04 1.124504199999999980e-03
1.178320099999999933e-04 1.041339000000000067e-03
1.213669700000000033e-04 9.643242400000000356e-04
1.250079900000000059e-04 8.930053400000000433e-04
1.287582199999999912e-04 8.269612699999999775e-04
1.326209699999999873e-04 7.658013599999999527e-04
1.365995899999999984e-04 7.091648300000000195e-04
1.406975799999999981e-04 6.567169400000000441e-04
1.449184999999999916e-04 6.081479699999999900e-04
1.492660699999999951e-04 5.631709200000000002e-04
1.537440400000000134e-04 5.215204499999999714e-04
1.583563699999999985e-04 4.829501300000000252e-04
1.631070499999999989e-04 4.472325200000000262e-04
1.680002699999999960e-04 4.141563100000000049e-04
1.730402699999999884e-04 3.835264999999999811e-04
1.782314800000000014e-04 3.551618999999999783e-04
1.835784100000000115e-04 3.288951700000000266e-04
1.890857599999999953e-04 3.045709600000000056e-04
1.947583299999999904e-04 2.820457299999999841e-04
2.006010999999999927e-04 2.611863599999999738e-04
2.066191199999999897e-04 2.418697399999999954e-04
2.128176999999999868e-04 2.239816900000000032e-04
2.192022299999999953e-04 2.074166300000000111e-04
2.257783100000000003e-04 1.920766300000000123e-04
2.325516500000000082e-04 1.778711800000000042e-04
2.395281900000000009e-04 1.647163199999999951e-04
2.467140300000000256e-04 1.525343499999999976e-04
2.541154600000000209e-04 1.412533099999999922e-04
2.617389199999999765e-04 1.308066000000000090e-04
2.695910800000000202e-04 1.211325200000000008e-04
2.776788299999999972e-04 1.121738700000000048e-04
2.860091899999999917e-04 1.038777899999999960e-04
2.945894400000000253e-04 9.619529799999999820e-05
3.034271200000000020e-04 8.908095599999999597e-05
3.125299400000000139e-04 8.249276500000000164e-05
3.219058500000000073e-04 7.639181299999999819e-05
3.315629899999999824e-04 7.074210399999999912e-05
3.415099199999999959e-04 6.551018600000000345e-05
3.517552100000000104e-04 6.066523600000000167e-05
3.623078399999999765e-04 5.617860799999999967e-05
3.731771000000000155e-04 5.202378300000000172e-05
3.843723999999999860e-04 4.817624999999999805e-05
3.959035399999999774e-04 4.461327399999999742e-05
4.077806799999999956e-04 4.131378900000000066e-05
4.200141000000000009e-04 3.825833099999999737e-05
4.326145100000000241e-04 3.542885300000000033e-05
4.455929500000000245e-04 3.280862999999999830e-05
4.589607499999999950e-04 3.038219000000000125e-05
4.727295600000000052e-04 2.813520799999999979e-05
4.869114599999999787e-04 2.605440300000000066e-05
5.015187700000000182e-04 2.412749299999999983e-05
5.165643199999999779e-04 2.234309100000000166e-05
5.320612599999999508e-04 2.069065499999999850e-05
5.480230999999999471e-04 1.916043099999999849e-05
5.644637500000000046e-04 1.774337999999999884e-05
5.813977300000000006e-04 1.643112299999999884e-05
5.988396299999999665e-04 1.521592400000000011e-05
6.168048300000000296e-04 1.409059400000000050e-05
6.353088999999999915e-04 1.304849599999999956e-05
6.543681900000000067e-04 1.208346400000000029e-05
6.739993099999999496e-04 1.118980000000000084e-05
6.942191900000000424e-04 1.036223700000000004e-05
7.150458300000000263e-04 9.595871499999999424e-06
7.364971699999999909e-04 8.886188000000000241e-06
7.585920500000000073e-04 8.228990599999999261e-06
7.813497700000000433e-04 7.620397800000000408e-06
8.047903200000000199e-04 7.056812499999999955e-06
8.289340800000000349e-04 6.534908900000000414e-06
8.538020100000000365e-04 6.051606400000000140e-06
8.794160999999999775e-04 5.604045500000000350e-06
9.057985499999999471e-04 5.189586000000000291e-06
9.329725400000000220e-04 4.805777799999999733e-06
9.609616600000000499e-04 4.450356100000000194e-06
9.897905499999999114e-04 4.121219499999999616e-06
1.019484200000000040e-03 3.816425600000000115e-06
1.050068699999999943e-03 3.534173400000000046e-06
1.081570800000000070e-03 3.272795500000000012e-06
1.114017900000000005e-03 3.030748299999999925e-06
1.147438499999999927e-03 2.806602199999999879e-06
1.181861599999999967e-03 2.599033599999999930e-06
1.217317400000000015e-03 2.406816500000000117e-06
1.253836900000000016e-03 2.284961600000000187e-06
1.291452000000000008e-03 2.074109200000000098e-06
1.330195599999999933e-03 1.890199299999999921e-06
1.370101400000000007e-03 1.728653799999999978e-06
1.411204500000000058e-03 1.585804099999999969e-06
1.453540599999999898e-03 1.458691899999999951e-06
1.497146900000000070e-03 1.344916700000000048e-06
1.542061300000000055e-03 1.242520000000000091e-06
1.588322999999999992e-03 1.149895199999999946e-06
1.635972700000000099e-03 1.065717599999999913e-06
1.685052000000000034e-03 9.888901500000000242e-07
1.735603399999999978e-03 9.185005299999999895e-07
1.787671599999999996e-03 8.537853799999999938e-07
1.841301800000000105e-03 7.941045599999999683e-07
1.896540800000000001e-03 7.389181899999999476e-07
1.953436800000000074e-03 6.877685499999999518e-07
2.012039900000000062e-03 6.402658299999999630e-07
2.072401199999999825e-03 5.960763900000000086e-07
2.134573299999999955e-03 5.549131200000000257e-07
2.198610299999999816e-03 5.165271199999999624e-07
2.264568900000000096e-03 4.807007700000000500e-07
2.332505900000000215e-03 4.472435799999999897e-07
2.402481000000000148e-03 4.159863299999999829e-07
2.474555399999999947e-03 3.867781900000000251e-07
2.548791999999999811e-03 3.594835299999999807e-07
2.625255700000000188e-03 3.339793700000000211e-07
2.704013600000000107e-03 3.101532799999999946e-07
2.785133899999999840e-03 2.879022000000000169e-07
2.868687999999999880e-03 2.671303600000000193e-07
2.954748499999999833e-03 2.477488300000000224e-07
3.043390999999999891e-03 2.296742000000000066e-07
3.134692599999999892e-03 2.128282899999999981e-07
3.228733399999999826e-03 1.971372000000000111e-07
3.325595299999999869e-03 1.825311799999999996e-07
3.425363099999999879e-03 1.689440800000000062e-07
3.528124000000000104e-03 1.563131700000000127e-07
3.633967799999999939e-03 1.445789199999999882e-07
3.742986700000000035e-03 1.336848000000000113e-07
3.855276700000000167e-03 1.235770600000000013e-07
3.970934700000000421e-03 1.142048499999999945e-07
4.090062799999999617e-03 1.055197699999999941e-07
4.212764199999999987e-03 9.747610100000000123e-08
4.339147199999999864e-03 9.003046700000000610e-08
4.469322099999999999e-03 8.314195600000000347e-08
4.603401400000000157e-03 7.677199399999999891e-08
4.741503499999999947e-03 7.088411400000000456e-08
4.883748700000000061e-03 6.544408200000000653e-08
5.030260800000000213e-03 6.041972500000000272e-08
5.181168699999999690e-03 5.578082100000000085e-08
5.336603900000000400e-03 5.149909300000000328e-08
5.496702099999999612e-03 4.754808200000000298e-08
5.661602600000000159e-03 4.390308399999999976e-08
5.831451300000000185e-03 4.054100199999999950e-08
6.006394499999999706e-03 3.744039099999999866e-08
6.186586099999999595e-03 3.458124400000000210e-08
6.372183699999999819e-03 3.194498200000000006e-08
6.563349399999999709e-03 2.951436000000000105e-08
6.760249500000000029e-03 2.727339499999999896e-08
6.963057100000000395e-03 2.520725800000000150e-08
7.171948699999999843e-03 2.330224500000000115e-08
7.387107399999999664e-03 2.154567000000000052e-08
7.608720499999999977e-03 1.992582399999999937e-08
7.836982200000000218e-03 1.843188499999999895e-08
8.072090900000000388e-03 1.705387999999999984e-08
8.314253299999999416e-03 1.578259800000000068e-08
8.563680799999999135e-03 1.460956200000000080e-08
8.820591799999999427e-03 1.352695899999999947e-08
9.085209699999999278e-03 1.252760399999999925e-08
9.357765900000000400e-03 1.160488000000000015e-08
9.638498900000000424e-03 1.075269699999999977e-08
9.927654200000000234e-03 9.965458699999999209e-09
1.022548300000000049e-02 9.238020799999999752e-09
1.053224799999999926e-02 8.565647800000000630e-09
1.084821499999999959e-02 7.943997800000000818e-09
1.117366199999999914e-02 7.369071400000000105e-09
1.150887199999999985e-02 6.837200000000000336e-09
1.185413700000000070e-02 6.345012499999999755e-09
1.220976200000000074e-02 5.889405299999999984e-09
1.257605399999999971e-02 5.467535299999999662e-09
1.295333499999999985e-02 5.076786300000000270e-09
1.334193399999999974e-02 4.714751299999999669e-09
1.374219299999999977e-02 4.379221200000000073e-09
1.415446000000000065e-02 4.068165200000000149e-09
1.457909100000000062e-02 3.779718300000000133e-09
1.501646700000000036e-02 3.512156999999999869e-09
1.546696000000000008e-02 3.263906899999999996e-09
1.593096800000000021e-02 3.033512300000000115e-09
1.640889699999999868e-02 2.819633900000000118e-09
1.690116399999999977e-02 2.621041199999999843e-09
1.740819799999999973e-02 2.436599599999999916e-09
1.793044499999999972e-02 2.265262300000000002e-09
1.846835900000000016e-02 2.106066999999999816e-09
1.902240900000000054e-02 1.958125000000000205e-09
1.959308099999999830e-02 1.820616499999999986e-09
2.018087500000000090e-02 1.692784500000000008e-09
2.078630100000000008e-02 1.573931299999999962e-09
2.140989000000000086e-02 1.463411500000000081e-09
2.205218499999999845e-02 1.360628999999999976e-09
2.271374899999999836e-02 1.265032099999999971e-09
2.339516300000000007e-02 1.176110700000000001e-09
2.409701800000000130e-02 1.093393100000000042e-09
2.481992599999999910e-02 1.016442600000000061e-09
2.556452600000000061e-02 9.448533899999999013e-10
2.633146199999999992e-02 8.782508600000000486e-10
2.712140600000000068e-02 8.162868800000000402e-10
2.793504299999999968e-02 7.586388700000000103e-10
2.877309700000000095e-02 7.050063699999999890e-10
2.963629300000000105e-02 6.551116700000000206e-10
3.052537799999999885e-02 6.086966400000000012e-10
3.144114199999999831e-02 5.655203000000000205e-10
3.238437400000000049e-02 5.253598800000000170e-10
3.335590499999999820e-02 4.880073799999999642e-10
3.435657899999999820e-02 4.532696799999999985e-10
3.538727900000000065e-02 4.209666099999999896e-10
3.644889999999999936e-02 3.909309300000000208e-10
3.754236200000000273e-02 3.630068599999999923e-10
3.866863400000000034e-02 3.370487799999999826e-10
3.982869299999999835e-02 3.129215199999999892e-10
4.102355399999999680e-02 2.904988899999999975e-10
4.225425700000000340e-02 2.696634200000000122e-10
4.352188900000000110e-02 2.503053300000000179e-10
4.482754299999999748e-02 2.323226599999999898e-10
4.617236699999999888e-02 2.156200499999999910e-10
4.755753800000000336e-02 2.001086699999999893e-10
4.898426599999999853e-02 1.857056900000000042e-10
5.045379299999999678e-02 1.723339599999999993e-10
5.196740600000000071e-02 1.599214100000000017e-10
5.352642900000000037e-02 1.484009000000000019e-10
5.513222000000000261e-02 1.377098799999999908e-10
5.678618500000000291e-02 1.277899799999999938e-10
5.848977400000000132e-02 1.185867800000000033e-10
6.024446099999999915e-02 1.100496799999999936e-10
6.205179999999999724e-02 1.021313399999999985e-10
6.391335300000000608e-02 9.478785299999999794e-11
6.583075500000000468e-02 8.797818600000000250e-11
6.780567699999999476e-02 8.166419399999999666e-11
6.983984699999999657e-02 7.581033299999999946e-11
7.193503699999999335e-02 7.038353799999999400e-11
7.409308900000000087e-02 6.535300100000000615e-11
7.631588200000000155e-02 6.069010199999999354e-11
7.860535899999999965e-02 5.636820000000000290e-11
8.096352299999999558e-02 5.236252799999999949e-11
8.339243000000000350e-02 4.865006900000000237e-11
8.589418699999999685e-02 4.520944099999999863e-11
8.847101300000000113e-02 4.202072299999999800e-11
9.112515399999999988e-02 3.906546199999999815e-11
9.385891400000000162e-02 3.632652899999999852e-11
9.667466600000000632e-02 3.378801900000000069e-11
9.957491899999999785e-02 3.143511999999999743e-11
1.025621599999999994e-01 2.925416999999999913e-11
1.056390200000000001e-01 2.723243100000000029e-11
1.088081899999999991e-01 2.535812600000000083e-11
1.120724399999999954e-01 2.362032400000000117e-11
1.154346100000000069e-01 2.200890400000000075e-11
1.188976499999999936e-01 2.051447100000000131e-11
1.224645800000000034e-01 1.912834299999999937e-11
1.261385100000000092e-01 1.784246000000000150e-11
1.299226699999999901e-01 1.664936699999999844e-11
1.338203500000000046e-01 1.554216400000000078e-11
1.378349600000000064e-01 1.451445699999999941e-11
1.419700100000000076e-01 1.356033400000000013e-11
1.462291099999999955e-01 1.267432099999999983e-11
1.506159800000000104e-01 1.185135699999999958e-11
1.551344500000000071e-01 1.108675999999999950e-11
1.597884900000000052e-01 1.037619000000000004e-11
1.645821399999999879e-01 9.715647699999999587e-12
1.695196200000000097e-01 9.101422199999999863e-12
1.746051899999999935e-01 8.530093699999999366e-12
1.798433500000000129e-01 7.998486200000000008e-12
1.852386299999999875e-01 7.503676399999999326e-12
1.907957999999999876e-01 7.042949499999999706e-12
1.965196800000000021e-01 6.613803999999999835e-12
2.024152700000000082e-01 6.213926200000000188e-12
2.084877300000000100e-01 5.841173499999999839e-12
2.147423599999999932e-01 5.493567499999999755e-12
2.211846199999999985e-01 5.169278000000000019e-12
2.278201499999999990e-01 4.866612999999999713e-12
2.346547599999999900e-01 4.584006699999999683e-12
2.416944099999999984e-01 4.320012800000000290e-12
2.489452299999999896e-01 4.073293700000000020e-12
2.564135900000000245e-01 3.842610200000000036e-12
2.641059900000000127e-01 3.626818199999999859e-12
2.720291699999999868e-01 3.424857500000000182e-12
2.801900299999999788e-01 3.235748699999999876e-12
2.885957499999999842e-01 3.058583299999999965e-12
2.972536100000000014e-01 2.892523200000000108e-12
3.061712200000000217e-01 2.736789900000000037e-12
3.153563400000000128e-01 2.590664499999999962e-12
3.248170599999999908e-01 2.453479499999999875e-12
3.345615499999999853e-01 2.324618900000000016e-12
3.445984300000000111e-01 2.203509599999999939e-12
3.549363200000000274e-01 2.089623099999999907e-12
3.655843999999999760e-01 1.982466899999999960e-12
3.765519399999999739e-01 1.881585999999999976e-12
3.878485400000000194e-01 1.786558199999999984e-12
3.994839700000000215e-01 1.696992800000000023e-12
4.114685100000000095e-01 1.612525799999999995e-12
4.238125300000000206e-01 1.532820799999999983e-12
4.365269399999999744e-01 1.457564299999999959e-12
4.496227199999999757e-01 1.386466999999999932e-12
4.631114299999999906e-01 1.319258400000000061e-12
4.770047499999999774e-01 1.255688999999999901e-12
4.913149099999999936e-01 1.195525599999999940e-12
5.060543600000000364e-01 1.138552599999999916e-12
5.212359600000000537e-01 1.084568999999999920e-12
5.368730699999999523e-01 1.033388100000000016e-12
5.529792399999999830e-01 9.848364700000000141e-13
5.695685799999999910e-01 9.387527300000000144e-13
5.866556099999999940e-01 8.949865999999999621e-13
6.042553000000000507e-01 8.533983199999999781e-13
6.223829899999999693e-01 8.138579899999999985e-13
6.410544000000000242e-01 7.762448400000000195e-13
6.602861599999999553e-01 7.404456000000000251e-13
6.800946700000000122e-01 7.063560700000000449e-13
7.004974800000000057e-01 6.738780999999999657e-13
7.215124800000000116e-01 6.429205599999999506e-13
7.431577900000000403e-01 6.133989499999999911e-13
7.654524799999999907e-01 5.852339499999999794e-13
7.884160700000000244e-01 5.583517500000000397e-13
8.120685699999999896e-01 5.326836699999999659e-13
8.364306000000000241e-01 5.081655599999999861e-13
8.615235700000000163e-01 4.847374399999999686e-13
8.873692699999999878e-01 4.623435000000000282e-13
9.139903700000000519e-01 4.409314800000000065e-13
9.414100499999999982e-01 4.204526299999999841e-13
9.696523200000000120e-01 4.008613000000000137e-13
9.987418500000000421e-01 3.821148499999999972e-13
1.028704099999999899e+00 3.641733100000000248e-13
1.059565300000000043e+00 3.469993200000000070e-13
1.091352199999999995e+00 3.305579199999999777e-13
1.124092899999999950e+00 3.148160900000000002e-13
1.157815599999999945e+00 2.997431599999999795e-13
1.192549999999999999e+00 2.853100599999999872e-13
1.228326400000000040e+00 2.714896000000000087e-13
1.265176199999999973e+00 2.582559600000000227e-13
1.303131700000000004e+00 2.455849900000000227e-13
1.342225400000000013e+00 2.334540000000000168e-13
1.382492300000000007e+00 2.218411699999999957e-13
1.423966999999999983e+00 2.107262200000000007e-13
1.466685900000000098e+00 2.000896799999999906e-13
1.510686500000000043e+00 1.899131199999999892e-13
1.556007099999999976e+00 1.801790500000000026e-13
1.602687500000000043e+00 1.708707599999999974e-13
1.650767899999999955e+00 1.619723799999999910e-13
1.700291100000000055e+00 1.534685600000000082e-13
1.751299600000000067e+00 1.453447899999999981e-13
1.803838700000000017e+00 1.375869800000000110e-13
1.857953900000000047e+00 1.301817200000000000e-13
1.913692500000000019e+00 1.231160100000000085e-13
1.971103199999999944e+00 1.163773600000000006e-13
2.030236200000000046e+00 1.099537000000000038e-13
2.091143399999999986e+00 1.038333200000000059e-13
2.153877599999999948e+00 9.800492900000000135e-14
2.218494000000000188e+00 9.245754699999999794e-14
2.285048800000000213e+00 8.718054800000000292e-14
2.353600099999999973e+00 8.216360900000000055e-14
2.424208199999999813e+00 7.739664400000000178e-14
2.496934299999999940e+00 7.286992599999999716e-14
2.571842399999999973e+00 6.857391599999999384e-14
2.648997699999999789e+00 6.449938099999999438e-14
2.728467699999999940e+00 6.063731199999999887e-14
2.810321500000000139e+00 5.697895900000000496e-14
2.894631200000000071e+00 5.351575700000000222e-14
2.981470199999999959e+00 5.023941600000000012e-14
3.070914300000000097e+00 4.714186400000000047e-14
3.163041499999999839e+00 4.421524399999999789e-14
3.257932999999999968e+00 4.145190000000000132e-14
3.355670899999999790e+00 3.884444400000000299e-14
3.456341199999999780e+00 3.638565600000000277e-14
3.560031500000000015e+00 3.406856400000000002e-14
3.666832100000000150e+00 3.188640800000000015e-14
3.776836799999999883e+00 2.983262899999999758e-14
3.890141799999999872e+00 2.790088800000000081e-14
4.006846499999999978e+00 2.608505999999999871e-14
4.127051800000000270e+00 2.437924999999999871e-14
4.250862999999999836e+00 2.277775699999999854e-14
4.378389300000000262e+00 2.127508300000000043e-14
4.509740800000000327e+00 1.986596199999999951e-14
4.645032999999999745e+00 1.854531600000000128e-14
4.784384300000000145e+00 1.730827499999999902e-14
4.927915500000000115e+00 1.615017999999999849e-14
5.075752699999999784e+00 1.506655800000000038e-14
5.228025800000000167e+00 1.405313000000000043e-14
5.384866099999999989e+00 1.310582800000000057e-14
5.546412400000000353e+00 1.222074600000000036e-14
5.712804199999999888e+00 1.139418300000000034e-14
5.884188599999999880e+00 1.062260000000000028e-14
6.060714199999999607e+00 9.902644099999999577e-15
6.242536099999999699e+00 9.231125099999999876e-15
6.429811700000000130e+00 8.605024000000000412e-15
6.622705500000000356e+00 8.021473399999999942e-15
6.821386699999999692e+00 7.477760199999999420e-15
7.026028600000000068e+00 6.971323100000000080e-15
7.236809199999999720e+00 6.499743900000000268e-15
7.453914199999999823e+00 6.060736399999999810e-15
7.677531100000000386e+00 5.652153500000000307e-15
7.907857299999999867e+00 5.271965800000000316e-15
8.145092299999999952e+00 4.918271199999999927e-15
8.389444799999999702e+00 4.589277299999999991e-15
8.641129199999999955e+00 4.283302600000000324e-15
8.900362299999999394e+00 3.998774400000000088e-15
9.167373500000000064e+00 3.734211900000000042e-15
9.442394800000000643e+00 3.488233400000000062e-15
9.725666000000000366e+00 3.259544400000000104e-15
1.001743600000000001e+01 3.046933600000000133e-15
1.031795900000000010e+01 2.849270900000000085e-15
1.062749799999999922e+01 2.665500100000000006e-15
1.094632200000000033e+01 2.494637699999999867e-15
1.127471300000000021e+01 2.335762799999999806e-15
1.161295299999999919e+01 2.188022399999999966e-15
1.196134200000000014e+01 2.050617499999999839e-15
1.232018200000000085e+01 1.922806999999999928e-15
1.268978800000000007e+01 1.803900199999999950e-15
1.307048099999999913e+01 1.693256400000000083e-15
1.346259599999999956e+01 1.590277900000000060e-15
1.386647299999999916e+01 1.494411199999999942e-15
1.428246799999999972e+01 1.405141299999999954e-15
1.471094199999999930e+01 1.321990700000000082e-15
1.515227100000000071e+01 1.244515699999999942e-15
1.560683700000000051e+01 1.172305299999999971e-15
1.607504199999999983e+01 1.104977199999999972e-15
1.655729200000000034e+01 1.042178000000000070e-15
1.705401200000000017e+01 9.835791400000000564e-16
1.756563299999999828e+01 9.288767600000000103e-16
1.809260199999999941e+01 8.777890799999999792e-16
1.863538000000000139e+01 8.300547499999999812e-16
1.919444199999999867e+01 7.854315700000000378e-16
1.977027500000000160e+01 7.436954999999999575e-16
2.036338299999999890e+01 7.046385200000000176e-16
2.097428400000000082e+01 6.680682299999999509e-16
2.160351199999999849e+01 6.338062500000000228e-16
2.225161900000000159e+01 6.016871100000000481e-16
2.291916399999999854e+01 5.715580900000000112e-16
2.360674200000000056e+01 5.432767900000000105e-16
2.431494199999999850e+01 5.167121699999999729e-16
2.504438899999999890e+01 4.917421299999999905e-16
2.579571899999999829e+01 4.682538099999999710e-16
2.656959200000000010e+01 4.461424100000000472e-16
2.736668200000000084e+01 4.253109299999999830e-16
2.818767899999999926e+01 4.056695399999999773e-16
2.903331400000000073e+01 3.871345100000000177e-16
2.990431200000000089e+01 3.696287399999999834e-16
3.080143899999999846e+01 3.530803300000000001e-16
3.172548400000000157e+01 3.374226299999999882e-16
3.267724700000000126e+01 3.225940299999999961e-16
3.365756199999999865e+01 3.085371699999999971e-16
3.466729200000000333e+01 2.951988300000000081e-16
3.570731200000000172e+01 2.825298300000000087e-16
3.677852899999999892e+01 2.704844399999999985e-16
3.788188399999999945e+01 2.590202099999999783e-16
3.901834399999999903e+01 2.480978099999999786e-16
4.018889399999999767e+01 2.376808699999999900e-16
4.139456100000000305e+01 2.277355999999999825e-16
4.263639400000000279e+01 2.182307700000000075e-16
4.391548399999999930e+01 2.091374100000000052e-16
4.523294899999999785e+01 2.004287499999999882e-16
4.658993900000000110e+01 1.920801100000000120e-16
4.798763399999999990e+01 1.840687100000000116e-16
4.942726400000000098e+01 1.763734700000000107e-16
5.091008399999999767e+01 1.689750599999999887e-16
5.243738900000000314e+01 1.618556999999999915e-16
5.401049900000000292e+01 1.549991400000000111e-16
5.563081900000000246e+01 1.483903099999999997e-16
5.729974899999999849e+01 1.420156600000000057e-16
5.901873400000000203e+01 1.358627999999999917e-16
6.078930299999999676e+01 1.299203400000000117e-16
6.261297799999999825e+01 1.241781499999999912e-16
6.449136799999999425e+01 1.186269400000000006e-16
6.642609799999999609e+01 1.132584599999999966e-16
6.841888799999999549e+01 1.080651800000000039e-16
7.047146299999999997e+01 1.030405000000000026e-16
7.258559800000000450e+01 9.817854399999999579e-17
7.476316799999999319e+01 9.347401400000000284e-17
7.700606299999999749e+01 8.892231500000000061e-17
7.931624300000000005e+01 8.451937800000000183e-17
8.169572800000000257e+01 8.026163200000000110e-17
8.414659799999999734e+01 7.614594899999999705e-17
8.667099799999999732e+01 7.216958600000000529e-17
8.927112800000000448e+01 6.833014700000000607e-17
9.194925800000000038e+01 6.462550799999999476e-17
9.470773800000000620e+01 6.105376000000000199e-17
9.754896800000000212e+01 5.761320099999999891e-17
1.004754400000000061e+02 5.430223899999999852e-17
1.034896999999999991e+02 5.111938600000000000e-17
1.065943900000000042e+02 4.806318900000000243e-17
1.097922200000000004e+02 4.513221000000000215e-17
1.130859899999999953e+02 4.232497399999999972e-17
1.164785700000000048e+02 3.963996199999999868e-17
1.199729300000000052e+02 3.707555099999999788e-17
1.235721099999999950e+02 3.463002199999999990e-17
1.272792800000000000e+02 3.230149599999999913e-17
1.310976499999999874e+02 3.008798300000000258e-17
1.350305799999999863e+02 2.798729700000000199e-17
1.390814900000000023e+02 2.599711100000000092e-17
1.432539400000000001e+02 2.411490600000000116e-17
1.475515599999999949e+02 2.233801000000000059e-17
1.519781099999999867e+02 2.066357499999999984e-17
1.565374500000000069e+02 1.908859999999999872e-17
1.612335699999999861e+02 1.760992900000000028e-17
1.660705700000000036e+02 1.622427499999999913e-17
1.710526800000000094e+02 1.492823099999999916e-17
1.761842599999999948e+02 1.371828599999999954e-17
1.814697999999999922e+02 1.259084999999999953e-17
1.869138800000000060e+02 1.154227599999999998e-17
1.925213200000000029e+02 1.056885899999999927e-17
1.982969300000000032e+02 9.666896499999999936e-18
2.042458499999999901e+02 8.832662799999999519e-18
2.103732300000000066e+02 8.062468599999999661e-18
2.166844299999999919e+02 7.352657899999999463e-18
2.231849499999999864e+02 6.699634399999999850e-18
2.298805099999999868e+02 6.099871199999999760e-18
2.367769099999999867e+02 5.549939200000000304e-18
2.438802100000000053e+02 5.046504799999999885e-18
2.511966299999999990e+02 4.586351199999999820e-18
2.587325299999999970e+02 4.166388899999999982e-18
2.664944899999999848e+02 3.783658199999999896e-18
2.744893299999999954e+02 3.435335999999999883e-18
2.827240100000000211e+02 3.118744700000000109e-18
2.912057300000000168e+02 2.831350700000000158e-18
2.999418900000000008e+02 2.570767100000000179e-18
3.089401500000000169e+02 2.334751799999999968e-18
3.182083299999999895e+02 2.121209100000000186e-18
3.277546100000000138e+02 1.928182000000000191e-18
3.375872299999999768e+02 1.753855300000000063e-18
3.477148700000000190e+02 1.596543599999999918e-18
3.581462700000000154e+02 1.454692999999999999e-18
3.688906700000000001e+02 1.326868899999999933e-18
3.799574299999999880e+02 1.211755499999999938e-18
3.913561100000000010e+02 1.108147600000000048e-18
4.030968300000000113e+02 1.014941299999999991e-18
4.151897099999999909e+02 9.311327100000000618e-19
4.276453900000000203e+02 8.558066399999999700e-19
4.404747100000000160e+02 7.881332500000000121e-19
4.536889899999999898e+02 7.273599700000000062e-19
4.672996699999999919e+02 6.728074200000000276e-19
4.813186299999999846e+02 6.238620300000000212e-19
4.957581900000000132e+02 5.799708899999999854e-19
5.106309499999999844e+02 5.406371000000000081e-19
5.259498700000000326e+02 5.054146599999999992e-19
5.417283499999999776e+02 4.739037700000000020e-19
5.579802300000000059e+02 4.457466600000000175e-19
5.747195900000000393e+02 4.206240700000000127e-19
5.919611899999999878e+02 3.982508799999999781e-19
6.097199799999999641e+02 3.783735799999999934e-19
6.280116600000000062e+02 3.607665300000000197e-19
6.468519400000000132e+02 3.452298899999999801e-19
6.662575399999999490e+02 3.315861000000000082e-19
6.862451800000000048e+02 3.196784299999999910e-19
7.068325399999999945e+02 3.093680200000000049e-19
7.280375000000000227e+02 3.005323400000000060e-19
7.498786999999999807e+02 2.930629599999999811e-19
7.723750199999999495e+02 2.868639099999999952e-19
7.955462999999999738e+02 2.818496699999999806e-19
8.194126999999999725e+02 2.779435499999999924e-19
8.439950999999999794e+02 2.750758400000000233e-19
8.693149399999999787e+02 2.731819699999999952e-19
8.953943799999999555e+02 2.722005599999999788e-19
9.222561399999999594e+02 2.720713000000000196e-19
9.499239000000000033e+02 2.727327499999999981e-19
9.784215799999999490e+02 2.741197700000000026e-19
