0.00010000001 2.5120505e-05
0.00012000001 1.5639075e-05
0.00014400001 9.7362975e-06
0.00017280003 6.0614501e-06
0.00020736004 3.7736294e-06
0.00024883207 2.3493185e-06
0.0002985985 1.4625968e-06
0.00035831821 9.1055744e-07
0.00042998188 5.6687856e-07
0.00051597827 3.5291714e-07
0.00061917395 2.1971286e-07
0.00074300876 1.3678492e-07
0.00089161049 8.5157125e-08
0.0010699327 5.3015591e-08
0.0012839192 3.3060294e-08
0.0015407032 2.0226896e-08
0.0018488439 1.2750813e-08
0.0022186128 8.0342518e-09
0.0026623354 5.0141592e-09
0.0031948027 3.1030735e-09
0.0038337634 1.9133358e-09
0.004600516 1.1810334e-09
0.0055206195 7.3211716e-10
0.0066247441 4.5632455e-10
0.007949693 2.858633e-10
0.0095396315 1.7972287e-10
0.011447559 1.1319103e-10
0.013737071 7.1294894e-11
0.016484486 4.4858742e-11
0.019781384 2.8183295e-11
0.023737662 1.768564e-11
0.028485195 1.1095023e-11
0.034182235 6.9677374e-12
0.041018682 4.3871212e-12
0.049222421 2.7737237e-12
0.05906691 1.7633982e-12
0.070880296 1.1286158e-12
0.085056353 7.2784917e-13
0.10206763 4.732901e-13
0.12248116 3.1047551e-13
0.1469774 2.0555692e-13
0.17637289 1.3741395e-13
0.21164747 9.2794332e-14
0.25397697 6.3327707e-14
0.30477238 4.3689587e-14
0.36572688 3.0469104e-14
0.43887224 2.1466791e-14
0.52664676 1.5256087e-14
0.63197611 1.0907469e-14
0.75837139 7.8135382e-15
0.91004566 5.5773167e-15
1.0920549 3.9400583e-15
1.3104659 2.7336566e-15
1.5725591 1.8482252e-15
1.887071 1.2093474e-15
2.2644853 7.6235065e-16
2.7173824 4.6266512e-16
3.2608592 2.7159319e-16
3.9130311 1.5593811e-16
4.6956374 8.9143747e-17
5.6347652 5.1914802e-17
6.7617184 3.1545144e-17
8.1140622 2.0336632e-17
9.7368756 1.3851106e-17
11.684251 9.510876e-18
14.021102 5.8316431e-18
16.825323 3.0936144e-18
20.190389 1.8906266e-18
24.228467 1.1554347e-18
29.074161 7.0613062e-19
34.888996 4.3154354e-19
41.866796 2.6373286e-19
50.240156 1.6117731e-19
60.288191 9.8501646e-20
72.34583 6.0198151e-20

